xof 0303txt 0032

template XSkinMeshHeader {
  <3cf169ce-ff7c-44ab-93c0-f78f62d172e2>
  WORD nMaxSkinWeightsPerVertex;
  WORD nMaxSkinWeightsPerFace;
  WORD nBones;
}

template SkinWeights {
  <6f0d123b-bad2-4167-a0d0-80224f25fabb>
  STRING transformNodeName;
  DWORD nWeights;
  array DWORD vertexIndices[nWeights];
  array float weights[nWeights];
  Matrix4x4 matrixOffset;
}

Frame Root {
  FrameTransformMatrix {
     1.000000, 0.000000, 0.000000, 0.000000,
     0.000000,-0.000000, 1.000000, 0.000000,
     0.000000, 1.000000, 0.000000, 0.000000,
     0.000000, 0.000000, 0.000000, 1.000000;;
  }
  Frame Armature {
    FrameTransformMatrix {
      -0.000000, 0.000000,-1.000000, 0.000000,
       0.000000, 1.000000, 0.000000, 0.000000,
       1.000000, 0.000000,-0.000000, 0.000000,
       0.000000, 0.000000, 5.000000, 1.000000;;
    }
    Frame Armature_Root {
      FrameTransformMatrix {
         0.000000,-0.000000,-1.000000, 0.000000,
         1.000000, 0.000000, 0.000000, 0.000000,
         0.000000,-1.000000, 0.000000, 0.000000,
         0.000000, 0.000000, 0.000000, 1.000000;;
      }
      Frame Armature_A {
        FrameTransformMatrix {
           0.000000,-0.000000, 1.000000, 0.000000,
          -0.707107, 0.707107, 0.000000, 0.000000,
          -0.707107,-0.707107, 0.000000, 0.000000,
           0.000000, 2.000000, 0.000000, 1.000000;;
        }
        Frame Armature_A_001 {
          FrameTransformMatrix {
             0.999578, 0.020543,-0.020543, 0.000000,
            -0.029052, 0.706808,-0.706808, 0.000000,
             0.000000, 0.707107, 0.707107, 0.000000,
            -0.000000, 4.242640, 0.000000, 1.000000;;
          }
          Frame Armature_A_002 {
            FrameTransformMatrix {
               0.873777,-0.486327,-0.000000, 0.000000,
               0.486327, 0.873777,-0.000000, 0.000000,
               0.000000,-0.000000, 1.000000, 0.000000,
               0.000000, 2.000000,-0.000000, 1.000000;;
            }
            Frame Armature_A_003 {
              FrameTransformMatrix {
                 0.873142, 0.487465,-0.000000, 0.000000,
                -0.487465, 0.873142, 0.000000, 0.000000,
                 0.000000,-0.000000, 1.000000, 0.000000,
                -0.000000, 1.999999,-0.000000, 1.000000;;
              }
              Frame Armature_A_004 {
                FrameTransformMatrix {
                   0.869169, 0.494516,-0.000000, 0.000000,
                  -0.494516, 0.869169, 0.000000, 0.000000,
                   0.000000,-0.000000, 1.000000, 0.000000,
                  -0.000000, 1.999999, 0.000000, 1.000000;;
                }
                Frame Armature_A_005 {
                  FrameTransformMatrix {
                     0.991857,-0.127357, 0.000000, 0.000000,
                     0.127357, 0.991857, 0.000000, 0.000000,
                    -0.000000,-0.000000, 1.139386, 0.000000,
                     0.000000, 1.999999, 0.000000, 1.000000;;
                  }
                } // End of Armature_A_005
              } // End of Armature_A_004
            } // End of Armature_A_003
          } // End of Armature_A_002
        } // End of Armature_A_001
      } // End of Armature_A
      Frame Armature_B {
        FrameTransformMatrix {
           0.000000,-0.000000, 1.000000, 0.000000,
          -0.554700, 0.832050, 0.000000, 0.000000,
          -0.832050,-0.554700, 0.000000, 0.000000,
           0.000000, 2.000000, 0.000000, 1.000000;;
        }
        Frame Armature_B_001 {
          FrameTransformMatrix {
             0.999578, 0.024172,-0.016115, 0.000000,
            -0.029052, 0.831699,-0.554466, 0.000000,
             0.000000, 0.554700, 0.832050, 0.000000,
             0.000000, 3.605551, 0.000000, 1.000000;;
          }
          Frame Armature_B_002 {
            FrameTransformMatrix {
               0.873777,-0.486327,-0.000000, 0.000000,
               0.486327, 0.873777, 0.000000, 0.000000,
               0.000000,-0.000000, 1.000000, 0.000000,
              -0.000000, 2.000000, 0.000000, 1.000000;;
            }
            Frame Armature_B_003 {
              FrameTransformMatrix {
                 0.873142, 0.487465,-0.000000, 0.000000,
                -0.487465, 0.873142, 0.000000, 0.000000,
                 0.000000, 0.000000, 1.000000, 0.000000,
                 0.000000, 1.999999,-0.000000, 1.000000;;
              }
              Frame Armature_B_004 {
                FrameTransformMatrix {
                   0.869169, 0.494516,-0.000000, 0.000000,
                  -0.494516, 0.869169,-0.000000, 0.000000,
                   0.000000, 0.000000, 1.000000, 0.000000,
                  -0.000000, 2.000000,-0.000000, 1.000000;;
                }
                Frame Armature_B_005 {
                  FrameTransformMatrix {
                     0.991857,-0.127357,-0.000000, 0.000000,
                     0.127357, 0.991857,-0.000000, 0.000000,
                     0.000000, 0.000000, 1.139386, 0.000000,
                    -0.000000, 2.000000,-0.000000, 1.000000;;
                  }
                } // End of Armature_B_005
              } // End of Armature_B_004
            } // End of Armature_B_003
          } // End of Armature_B_002
        } // End of Armature_B_001
      } // End of Armature_B
      Frame Armature_Bone_010 {
        FrameTransformMatrix {
           0.000000,-0.000000, 1.000000, 0.000000,
           0.707107, 0.707107,-0.000000, 0.000000,
          -0.707107, 0.707107, 0.000000, 0.000000,
           0.000000, 2.000000, 0.000000, 1.000000;;
        }
        Frame Armature_Bone_011 {
          FrameTransformMatrix {
             0.999578, 0.020543, 0.020543, 0.000000,
            -0.029052, 0.706808, 0.706809, 0.000000,
            -0.000000,-0.707107, 0.707107, 0.000000,
             0.000000, 4.242640,-0.000000, 1.000000;;
          }
          Frame Armature_Bone_012 {
            FrameTransformMatrix {
               0.873777,-0.486327, 0.000000, 0.000000,
               0.486327, 0.873777,-0.000000, 0.000000,
              -0.000000, 0.000000, 1.000000, 0.000000,
               0.000000, 2.000000,-0.000000, 1.000000;;
            }
            Frame Armature_Bone_013 {
              FrameTransformMatrix {
                 0.873142, 0.487466, 0.000000, 0.000000,
                -0.487466, 0.873142,-0.000000, 0.000000,
                -0.000000, 0.000000, 1.000000, 0.000000,
                -0.000000, 2.000000,-0.000000, 1.000000;;
              }
              Frame Armature_Bone_014 {
                FrameTransformMatrix {
                   0.869169, 0.494516, 0.000000, 0.000000,
                  -0.494516, 0.869169, 0.000000, 0.000000,
                  -0.000000,-0.000000, 1.000000, 0.000000,
                   0.000000, 1.999999,-0.000000, 1.000000;;
                }
                Frame Armature_Bone_015 {
                  FrameTransformMatrix {
                     0.991857,-0.127357,-0.000000, 0.000000,
                     0.127357, 0.991857,-0.000000, 0.000000,
                     0.000000, 0.000000, 1.139386, 0.000000,
                    -0.000000, 2.000000,-0.000000, 1.000000;;
                  }
                } // End of Armature_Bone_015
              } // End of Armature_Bone_014
            } // End of Armature_Bone_013
          } // End of Armature_Bone_012
        } // End of Armature_Bone_011
      } // End of Armature_Bone_010
      Frame Armature_C {
        FrameTransformMatrix {
           0.000000,-0.000000, 1.000000, 0.000000,
          -0.316228, 0.948683, 0.000000, 0.000000,
          -0.948683,-0.316228, 0.000000, 0.000000,
           0.000000, 2.000000, 0.000000, 1.000000;;
        }
        Frame Armature_C_001 {
          FrameTransformMatrix {
             0.999578, 0.027561,-0.009187, 0.000000,
            -0.029052, 0.948283,-0.316094, 0.000000,
             0.000000, 0.316228, 0.948683, 0.000000,
             0.000000, 3.162277, 0.000000, 1.000000;;
          }
          Frame Armature_C_002 {
            FrameTransformMatrix {
               0.873777,-0.486327, 0.000000, 0.000000,
               0.486327, 0.873777,-0.000000, 0.000000,
               0.000000, 0.000000, 1.000000, 0.000000,
               0.000000, 2.000001,-0.000000, 1.000000;;
            }
            Frame Armature_C_003 {
              FrameTransformMatrix {
                 0.873142, 0.487465, 0.000000, 0.000000,
                -0.487465, 0.873142,-0.000000, 0.000000,
                -0.000000, 0.000000, 1.000000, 0.000000,
                -0.000000, 2.000001, 0.000000, 1.000000;;
              }
              Frame Armature_C_004 {
                FrameTransformMatrix {
                   0.869169, 0.494516, 0.000000, 0.000000,
                  -0.494516, 0.869169,-0.000000, 0.000000,
                  -0.000000, 0.000000, 1.000000, 0.000000,
                  -0.000000, 2.000001,-0.000000, 1.000000;;
                }
                Frame Armature_C_005 {
                  FrameTransformMatrix {
                     0.991857,-0.127357,-0.000000, 0.000000,
                     0.127357, 0.991857,-0.000000, 0.000000,
                     0.000000, 0.000000, 1.139386, 0.000000,
                    -0.000000, 2.000000, 0.000000, 1.000000;;
                  }
                } // End of Armature_C_005
              } // End of Armature_C_004
            } // End of Armature_C_003
          } // End of Armature_C_002
        } // End of Armature_C_001
      } // End of Armature_C
      Frame Armature_D {
        FrameTransformMatrix {
           0.000000, 0.000000, 1.000000, 0.000000,
           0.000000, 1.000000, 0.000000, 0.000000,
          -1.000000, 0.000000, 0.000000, 0.000000,
           0.000000, 2.000000, 0.000000, 1.000000;;
        }
        Frame Armature_D_001 {
          FrameTransformMatrix {
             0.999578, 0.029052, 0.000000, 0.000000,
            -0.029052, 0.999578, 0.000000, 0.000000,
             0.000000, 0.000000, 1.000000, 0.000000,
             0.000000, 3.000000, 0.000000, 1.000000;;
          }
          Frame Armature_D_002 {
            FrameTransformMatrix {
               0.873777,-0.486327, 0.000000, 0.000000,
               0.486327, 0.873777, 0.000000, 0.000000,
               0.000000, 0.000000, 1.000000, 0.000000,
               0.000000, 2.000000, 0.000000, 1.000000;;
            }
            Frame Armature_D_003 {
              FrameTransformMatrix {
                 0.873142, 0.487465, 0.000000, 0.000000,
                -0.487465, 0.873142, 0.000000, 0.000000,
                 0.000000, 0.000000, 1.000000, 0.000000,
                -0.000000, 2.000000, 0.000000, 1.000000;;
              }
              Frame Armature_D_004 {
                FrameTransformMatrix {
                   0.869169, 0.494516, 0.000000, 0.000000,
                  -0.494516, 0.869169, 0.000000, 0.000000,
                   0.000000, 0.000000, 1.000000, 0.000000,
                  -0.000000, 2.000000, 0.000000, 1.000000;;
                }
                Frame Armature_D_005 {
                  FrameTransformMatrix {
                     0.991857,-0.127357, 0.000000, 0.000000,
                     0.127357, 0.991857, 0.000000, 0.000000,
                     0.000000, 0.000000, 1.139386, 0.000000,
                     0.000000, 2.000000, 0.000000, 1.000000;;
                  }
                } // End of Armature_D_005
              } // End of Armature_D_004
            } // End of Armature_D_003
          } // End of Armature_D_002
        } // End of Armature_D_001
      } // End of Armature_D
      Frame Armature_E {
        FrameTransformMatrix {
           0.000000,-0.000000, 1.000000, 0.000000,
           0.316228, 0.948683,-0.000000, 0.000000,
          -0.948683, 0.316228, 0.000000, 0.000000,
           0.000000, 2.000000, 0.000000, 1.000000;;
        }
        Frame Armature_E_001 {
          FrameTransformMatrix {
             0.999578, 0.027561, 0.009187, 0.000000,
            -0.029052, 0.948283, 0.316094, 0.000000,
            -0.000000,-0.316228, 0.948683, 0.000000,
             0.000000, 3.162278,-0.000000, 1.000000;;
          }
          Frame Armature_E_002 {
            FrameTransformMatrix {
               0.873777,-0.486327, 0.000000, 0.000000,
               0.486327, 0.873777, 0.000000, 0.000000,
              -0.000000,-0.000000, 1.000000, 0.000000,
               0.000000, 2.000000,-0.000000, 1.000000;;
            }
            Frame Armature_E_003 {
              FrameTransformMatrix {
                 0.873142, 0.487466,-0.000000, 0.000000,
                -0.487466, 0.873142, 0.000000, 0.000000,
                 0.000000, 0.000000, 1.000000, 0.000000,
                -0.000000, 2.000000, 0.000000, 1.000000;;
              }
              Frame Armature_E_004 {
                FrameTransformMatrix {
                   0.869169, 0.494516,-0.000000, 0.000000,
                  -0.494516, 0.869169,-0.000000, 0.000000,
                   0.000000, 0.000000, 1.000000, 0.000000,
                   0.000000, 2.000001, 0.000000, 1.000000;;
                }
                Frame Armature_E_005 {
                  FrameTransformMatrix {
                     0.991857,-0.127357, 0.000000, 0.000000,
                     0.127357, 0.991857, 0.000000, 0.000000,
                    -0.000000,-0.000000, 1.139386, 0.000000,
                    -0.000000, 1.999999, 0.000000, 1.000000;;
                  }
                } // End of Armature_E_005
              } // End of Armature_E_004
            } // End of Armature_E_003
          } // End of Armature_E_002
        } // End of Armature_E_001
      } // End of Armature_E
      Frame Armature_F {
        FrameTransformMatrix {
           0.000000,-0.000000, 1.000000, 0.000000,
           0.554700, 0.832050,-0.000000, 0.000000,
          -0.832050, 0.554700, 0.000000, 0.000000,
           0.000000, 2.000000, 0.000000, 1.000000;;
        }
        Frame Armature_F_001 {
          FrameTransformMatrix {
             0.999578, 0.024172, 0.016115, 0.000000,
            -0.029052, 0.831699, 0.554466, 0.000000,
            -0.000000,-0.554700, 0.832050, 0.000000,
             0.000000, 3.605551,-0.000000, 1.000000;;
          }
          Frame Armature_F_002 {
            FrameTransformMatrix {
               0.873777,-0.486327,-0.000000, 0.000000,
               0.486327, 0.873777, 0.000000, 0.000000,
               0.000000,-0.000000, 1.000000, 0.000000,
              -0.000000, 2.000000, 0.000000, 1.000000;;
            }
            Frame Armature_F_003 {
              FrameTransformMatrix {
                 0.873142, 0.487465, 0.000000, 0.000000,
                -0.487465, 0.873142,-0.000000, 0.000000,
                -0.000000, 0.000000, 1.000000, 0.000000,
                 0.000000, 1.999999,-0.000000, 1.000000;;
              }
              Frame Armature_F_004 {
                FrameTransformMatrix {
                   0.869169, 0.494516,-0.000000, 0.000000,
                  -0.494516, 0.869169,-0.000000, 0.000000,
                  -0.000000, 0.000000, 1.000000, 0.000000,
                   0.000000, 2.000000, 0.000000, 1.000000;;
                }
                Frame Armature_F_005 {
                  FrameTransformMatrix {
                     0.991857,-0.127357,-0.000000, 0.000000,
                     0.127357, 0.991857,-0.000000, 0.000000,
                     0.000000, 0.000000, 1.139386, 0.000000,
                     0.000000, 2.000000,-0.000000, 1.000000;;
                  }
                } // End of Armature_F_005
              } // End of Armature_F_004
            } // End of Armature_F_003
          } // End of Armature_F_002
        } // End of Armature_F_001
      } // End of Armature_F
    } // End of Armature_Root
    Frame BannerBack_001 {
      FrameTransformMatrix {
        -0.000000, 0.000000, 1.000000, 0.000000,
        -1.000000,-0.000000,-0.000000, 0.000000,
         0.000000,-1.000000, 0.000000, 0.000000,
         5.000000, 0.000000, 0.000000, 1.000000;;
      }
      Mesh { // BannerBack_001 mesh
        240;
        -2.999999; 0.000000;-0.010000;,
        -2.000000; 0.000001;-0.010000;,
        -1.999999;-1.000000;-0.010000;,
        -2.999999;-1.000000;-0.010000;,
        -2.999999;-1.000000;-0.010000;,
        -1.999999;-1.000000;-0.010000;,
        -1.999998;-2.000000;-0.009999;,
        -3.000001;-2.000000;-0.009999;,
        -3.000001;-2.000000;-0.009999;,
        -1.999998;-2.000000;-0.009999;,
        -2.000000;-3.000000;-0.009999;,
        -3.000001;-3.000000;-0.009999;,
        -3.000001;-3.000000;-0.009999;,
        -2.000000;-3.000000;-0.009999;,
        -2.000000;-4.000000;-0.010000;,
        -3.000000;-4.000000;-0.010000;,
        -3.000000;-4.000000;-0.010000;,
        -2.000000;-4.000000;-0.010000;,
        -2.000000;-5.000000;-0.010000;,
        -3.000000;-5.000000;-0.009999;,
        -3.000000;-5.000000;-0.009999;,
        -2.000000;-5.000000;-0.010000;,
        -2.000000;-6.000000;-0.010000;,
        -3.000000;-6.000000;-0.009999;,
        -3.000000;-6.000000;-0.009999;,
        -2.000000;-6.000000;-0.010000;,
        -2.000000;-7.000000;-0.009999;,
        -3.000000;-6.999998;-0.010000;,
        -3.000000;-6.999998;-0.010000;,
        -2.000000;-7.000000;-0.009999;,
        -2.000000;-8.000001;-0.010000;,
        -3.000000;-8.000002;-0.009999;,
        -3.000000;-8.000002;-0.009999;,
        -2.000000;-8.000001;-0.010000;,
        -2.000000;-9.000000;-0.010000;,
        -3.000000;-8.999998;-0.010000;,
        -3.000000;-8.999998;-0.010000;,
        -2.000000;-9.000000;-0.010000;,
        -2.000000;-10.000000;-0.010000;,
        -3.000000;-9.999998;-0.010000;,
        -2.000000; 0.000001;-0.010000;,
        -1.000000;-0.000001;-0.010000;,
        -1.000000;-1.000000;-0.010000;,
        -1.999999;-1.000000;-0.010000;,
        -1.999999;-1.000000;-0.010000;,
        -1.000000;-1.000000;-0.010000;,
        -1.000000;-1.999999;-0.009999;,
        -1.999998;-2.000000;-0.009999;,
        -1.999998;-2.000000;-0.009999;,
        -1.000000;-1.999999;-0.009999;,
        -1.000000;-3.000000;-0.009999;,
        -2.000000;-3.000000;-0.009999;,
        -2.000000;-3.000000;-0.009999;,
        -1.000000;-3.000000;-0.009999;,
        -1.000000;-4.000000;-0.010000;,
        -2.000000;-4.000000;-0.010000;,
        -2.000000;-4.000000;-0.010000;,
        -1.000000;-4.000000;-0.010000;,
        -1.000000;-5.000000;-0.010000;,
        -2.000000;-5.000000;-0.010000;,
        -2.000000;-5.000000;-0.010000;,
        -1.000000;-5.000000;-0.010000;,
        -1.000000;-6.000000;-0.010000;,
        -2.000000;-6.000000;-0.010000;,
        -2.000000;-6.000000;-0.010000;,
        -1.000000;-6.000000;-0.010000;,
        -1.000000;-7.000000;-0.009999;,
        -2.000000;-7.000000;-0.009999;,
        -2.000000;-7.000000;-0.009999;,
        -1.000000;-7.000000;-0.009999;,
        -1.000000;-8.000000;-0.009999;,
        -2.000000;-8.000001;-0.010000;,
        -2.000000;-8.000001;-0.010000;,
        -1.000000;-8.000000;-0.009999;,
        -1.000001;-9.000000;-0.010002;,
        -2.000000;-9.000000;-0.010000;,
        -2.000000;-9.000000;-0.010000;,
        -1.000001;-9.000000;-0.010002;,
        -1.000001;-9.999999;-0.010000;,
        -2.000000;-10.000000;-0.010000;,
        -1.000000;-0.000001;-0.010000;,
         0.000000; 0.000000;-0.010000;,
         0.000000;-1.000000;-0.010000;,
        -1.000000;-1.000000;-0.010000;,
        -1.000000;-1.000000;-0.010000;,
         0.000000;-1.000000;-0.010000;,
        -0.000000;-2.000000;-0.009999;,
        -1.000000;-1.999999;-0.009999;,
        -1.000000;-1.999999;-0.009999;,
        -0.000000;-2.000000;-0.009999;,
        -0.000000;-3.000000;-0.009999;,
        -1.000000;-3.000000;-0.009999;,
        -1.000000;-3.000000;-0.009999;,
        -0.000000;-3.000000;-0.009999;,
         0.000000;-4.000000;-0.010000;,
        -1.000000;-4.000000;-0.010000;,
        -1.000000;-4.000000;-0.010000;,
         0.000000;-4.000000;-0.010000;,
         0.000000;-5.000000;-0.010000;,
        -1.000000;-5.000000;-0.010000;,
        -1.000000;-5.000000;-0.010000;,
         0.000000;-5.000000;-0.010000;,
         0.000000;-6.000000;-0.010000;,
        -1.000000;-6.000000;-0.010000;,
        -1.000000;-6.000000;-0.010000;,
         0.000000;-6.000000;-0.010000;,
        -0.000000;-7.000000;-0.009999;,
        -1.000000;-7.000000;-0.009999;,
        -1.000000;-7.000000;-0.009999;,
        -0.000000;-7.000000;-0.009999;,
         0.000000;-8.000000;-0.009999;,
        -1.000000;-8.000000;-0.009999;,
        -1.000000;-8.000000;-0.009999;,
         0.000000;-8.000000;-0.009999;,
        -0.000000;-9.000000;-0.010001;,
        -1.000001;-9.000000;-0.010002;,
        -1.000001;-9.000000;-0.010002;,
        -0.000000;-9.000000;-0.010001;,
         0.000000;-10.000000;-0.010000;,
        -1.000001;-9.999999;-0.010000;,
         0.000000; 0.000000;-0.010000;,
         1.000000;-0.000000;-0.010000;,
         1.000001;-1.000000;-0.010000;,
         0.000000;-1.000000;-0.010000;,
         0.000000;-1.000000;-0.010000;,
         1.000001;-1.000000;-0.010000;,
         1.000000;-2.000000;-0.009999;,
        -0.000000;-2.000000;-0.009999;,
        -0.000000;-2.000000;-0.009999;,
         1.000000;-2.000000;-0.009999;,
         1.000000;-3.000000;-0.009999;,
        -0.000000;-3.000000;-0.009999;,
        -0.000000;-3.000000;-0.009999;,
         1.000000;-3.000000;-0.009999;,
         1.000000;-4.000000;-0.010000;,
         0.000000;-4.000000;-0.010000;,
         0.000000;-4.000000;-0.010000;,
         1.000000;-4.000000;-0.010000;,
         1.000000;-5.000000;-0.010000;,
         0.000000;-5.000000;-0.010000;,
         0.000000;-5.000000;-0.010000;,
         1.000000;-5.000000;-0.010000;,
         1.000000;-6.000000;-0.010000;,
         0.000000;-6.000000;-0.010000;,
         0.000000;-6.000000;-0.010000;,
         1.000000;-6.000000;-0.010000;,
         1.000000;-7.000000;-0.009999;,
        -0.000000;-7.000000;-0.009999;,
        -0.000000;-7.000000;-0.009999;,
         1.000000;-7.000000;-0.009999;,
         1.000001;-8.000000;-0.009999;,
         0.000000;-8.000000;-0.009999;,
         0.000000;-8.000000;-0.009999;,
         1.000001;-8.000000;-0.009999;,
         1.000001;-9.000000;-0.010001;,
        -0.000000;-9.000000;-0.010001;,
        -0.000000;-9.000000;-0.010001;,
         1.000001;-9.000000;-0.010001;,
         1.000000;-9.999999;-0.010000;,
         0.000000;-10.000000;-0.010000;,
         1.000000;-0.000000;-0.010000;,
         2.000001; 0.000001;-0.010000;,
         2.000000;-1.000000;-0.010000;,
         1.000001;-1.000000;-0.010000;,
         1.000001;-1.000000;-0.010000;,
         2.000000;-1.000000;-0.010000;,
         2.000000;-2.000000;-0.009999;,
         1.000000;-2.000000;-0.009999;,
         1.000000;-2.000000;-0.009999;,
         2.000000;-2.000000;-0.009999;,
         2.000000;-3.000000;-0.009999;,
         1.000000;-3.000000;-0.009999;,
         1.000000;-3.000000;-0.009999;,
         2.000000;-3.000000;-0.009999;,
         2.000000;-4.000000;-0.010000;,
         1.000000;-4.000000;-0.010000;,
         1.000000;-4.000000;-0.010000;,
         2.000000;-4.000000;-0.010000;,
         2.000000;-5.000000;-0.010000;,
         1.000000;-5.000000;-0.010000;,
         1.000000;-5.000000;-0.010000;,
         2.000000;-5.000000;-0.010000;,
         2.000000;-6.000000;-0.010000;,
         1.000000;-6.000000;-0.010000;,
         1.000000;-6.000000;-0.010000;,
         2.000000;-6.000000;-0.010000;,
         2.000000;-7.000000;-0.009999;,
         1.000000;-7.000000;-0.009999;,
         1.000000;-7.000000;-0.009999;,
         2.000000;-7.000000;-0.009999;,
         1.999998;-8.000000;-0.010000;,
         1.000001;-8.000000;-0.009999;,
         1.000001;-8.000000;-0.009999;,
         1.999998;-8.000000;-0.010000;,
         2.000000;-9.000000;-0.010000;,
         1.000001;-9.000000;-0.010001;,
         1.000001;-9.000000;-0.010001;,
         2.000000;-9.000000;-0.010000;,
         2.000000;-10.000001;-0.010000;,
         1.000000;-9.999999;-0.010000;,
         2.000001; 0.000001;-0.010000;,
         3.000000;-0.000001;-0.010000;,
         3.000000;-1.000001;-0.010000;,
         2.000000;-1.000000;-0.010000;,
         2.000000;-1.000000;-0.010000;,
         3.000000;-1.000001;-0.010000;,
         3.000000;-1.999999;-0.009999;,
         2.000000;-2.000000;-0.009999;,
         2.000000;-2.000000;-0.009999;,
         3.000000;-1.999999;-0.009999;,
         3.000000;-3.000002;-0.009999;,
         2.000000;-3.000000;-0.009999;,
         2.000000;-3.000000;-0.009999;,
         3.000000;-3.000002;-0.009999;,
         3.000001;-3.999999;-0.010000;,
         2.000000;-4.000000;-0.010000;,
         2.000000;-4.000000;-0.010000;,
         3.000001;-3.999999;-0.010000;,
         3.000000;-5.000000;-0.010000;,
         2.000000;-5.000000;-0.010000;,
         2.000000;-5.000000;-0.010000;,
         3.000000;-5.000000;-0.010000;,
         3.000000;-6.000000;-0.010000;,
         2.000000;-6.000000;-0.010000;,
         2.000000;-6.000000;-0.010000;,
         3.000000;-6.000000;-0.010000;,
         3.000001;-7.000000;-0.009999;,
         2.000000;-7.000000;-0.009999;,
         2.000000;-7.000000;-0.009999;,
         3.000001;-7.000000;-0.009999;,
         3.000001;-8.000000;-0.010000;,
         1.999998;-8.000000;-0.010000;,
         1.999998;-8.000000;-0.010000;,
         3.000001;-8.000000;-0.010000;,
         3.000000;-9.000000;-0.010000;,
         2.000000;-9.000000;-0.010000;,
         2.000000;-9.000000;-0.010000;,
         3.000000;-9.000000;-0.010000;,
         2.999999;-10.000000;-0.010000;,
         2.000000;-10.000001;-0.010000;;
        60;
        4;3,2,1,0;,
        4;7,6,5,4;,
        4;11,10,9,8;,
        4;15,14,13,12;,
        4;19,18,17,16;,
        4;23,22,21,20;,
        4;27,26,25,24;,
        4;31,30,29,28;,
        4;35,34,33,32;,
        4;39,38,37,36;,
        4;43,42,41,40;,
        4;47,46,45,44;,
        4;51,50,49,48;,
        4;55,54,53,52;,
        4;59,58,57,56;,
        4;63,62,61,60;,
        4;67,66,65,64;,
        4;71,70,69,68;,
        4;75,74,73,72;,
        4;79,78,77,76;,
        4;83,82,81,80;,
        4;87,86,85,84;,
        4;91,90,89,88;,
        4;95,94,93,92;,
        4;99,98,97,96;,
        4;103,102,101,100;,
        4;107,106,105,104;,
        4;111,110,109,108;,
        4;115,114,113,112;,
        4;119,118,117,116;,
        4;123,122,121,120;,
        4;127,126,125,124;,
        4;131,130,129,128;,
        4;135,134,133,132;,
        4;139,138,137,136;,
        4;143,142,141,140;,
        4;147,146,145,144;,
        4;151,150,149,148;,
        4;155,154,153,152;,
        4;159,158,157,156;,
        4;163,162,161,160;,
        4;167,166,165,164;,
        4;171,170,169,168;,
        4;175,174,173,172;,
        4;179,178,177,176;,
        4;183,182,181,180;,
        4;187,186,185,184;,
        4;191,190,189,188;,
        4;195,194,193,192;,
        4;199,198,197,196;,
        4;203,202,201,200;,
        4;207,206,205,204;,
        4;211,210,209,208;,
        4;215,214,213,212;,
        4;219,218,217,216;,
        4;223,222,221,220;,
        4;227,226,225,224;,
        4;231,230,229,228;,
        4;235,234,233,232;,
        4;239,238,237,236;;
        MeshNormals { // BannerBack_001 normals
          240;
           0.000000; 0.000000;-1.000000;,
           0.000000; 0.000000;-1.000000;,
           0.000000; 0.000000;-0.999969;,
           0.000000; 0.000000;-1.000000;,
           0.000000; 0.000000;-1.000000;,
           0.000000; 0.000000;-0.999969;,
           0.000000; 0.000000;-1.000000;,
           0.000000; 0.000000;-1.000000;,
           0.000000; 0.000000;-1.000000;,
           0.000000; 0.000000;-1.000000;,
           0.000000; 0.000000;-1.000000;,
           0.000000; 0.000000;-0.999969;,
           0.000000; 0.000000;-0.999969;,
           0.000000; 0.000000;-1.000000;,
           0.000000; 0.000000;-1.000000;,
           0.000000; 0.000000;-1.000000;,
           0.000000; 0.000000;-1.000000;,
           0.000000; 0.000000;-1.000000;,
           0.000000; 0.000000;-1.000000;,
           0.000000; 0.000000;-1.000000;,
           0.000000; 0.000000;-1.000000;,
           0.000000; 0.000000;-1.000000;,
           0.000000; 0.000000;-1.000000;,
           0.000000; 0.000000;-1.000000;,
           0.000000; 0.000000;-1.000000;,
           0.000000; 0.000000;-1.000000;,
           0.000000; 0.000000;-1.000000;,
           0.000000; 0.000000;-1.000000;,
           0.000000; 0.000000;-1.000000;,
           0.000000; 0.000000;-1.000000;,
           0.000000; 0.000000;-1.000000;,
           0.000000; 0.000000;-1.000000;,
           0.000000; 0.000000;-1.000000;,
           0.000000; 0.000000;-1.000000;,
           0.000000; 0.000000;-1.000000;,
           0.000000; 0.000000;-1.000000;,
           0.000000; 0.000000;-1.000000;,
           0.000000; 0.000000;-1.000000;,
           0.000000; 0.000000;-1.000000;,
           0.000000; 0.000000;-1.000000;,
           0.000000; 0.000000;-1.000000;,
           0.000000; 0.000000;-0.999969;,
           0.000000; 0.000000;-1.000000;,
           0.000000; 0.000000;-0.999969;,
           0.000000; 0.000000;-0.999969;,
           0.000000; 0.000000;-1.000000;,
           0.000000; 0.000000;-1.000000;,
           0.000000; 0.000000;-1.000000;,
           0.000000; 0.000000;-1.000000;,
           0.000000; 0.000000;-1.000000;,
           0.000000; 0.000000;-1.000000;,
           0.000000; 0.000000;-1.000000;,
           0.000000; 0.000000;-1.000000;,
           0.000000; 0.000000;-1.000000;,
           0.000000; 0.000000;-1.000000;,
           0.000000; 0.000000;-1.000000;,
           0.000000; 0.000000;-1.000000;,
           0.000000; 0.000000;-1.000000;,
           0.000000; 0.000000;-1.000000;,
           0.000000; 0.000000;-1.000000;,
           0.000000; 0.000000;-1.000000;,
           0.000000; 0.000000;-1.000000;,
           0.000000; 0.000000;-1.000000;,
           0.000000; 0.000000;-1.000000;,
           0.000000; 0.000000;-1.000000;,
           0.000000; 0.000000;-1.000000;,
           0.000000; 0.000000;-1.000000;,
           0.000000; 0.000000;-1.000000;,
           0.000000; 0.000000;-1.000000;,
           0.000000; 0.000000;-1.000000;,
           0.000000; 0.000000;-1.000000;,
           0.000000; 0.000000;-1.000000;,
           0.000000; 0.000000;-1.000000;,
           0.000000; 0.000000;-1.000000;,
           0.000000; 0.000000;-1.000000;,
           0.000000; 0.000000;-1.000000;,
           0.000000; 0.000000;-1.000000;,
           0.000000; 0.000000;-1.000000;,
           0.000000; 0.000000;-1.000000;,
           0.000000; 0.000000;-1.000000;,
           0.000000; 0.000000;-0.999969;,
           0.000000; 0.000000;-1.000000;,
           0.000000; 0.000000;-1.000000;,
           0.000000; 0.000000;-1.000000;,
           0.000000; 0.000000;-1.000000;,
           0.000000; 0.000000;-1.000000;,
           0.000000; 0.000000;-1.000000;,
           0.000000; 0.000000;-1.000000;,
           0.000000; 0.000000;-1.000000;,
           0.000000; 0.000000;-1.000000;,
           0.000000; 0.000000;-1.000000;,
           0.000000; 0.000000;-1.000000;,
           0.000000; 0.000000;-1.000000;,
           0.000000; 0.000000;-1.000000;,
           0.000000; 0.000000;-1.000000;,
           0.000000; 0.000000;-1.000000;,
           0.000000; 0.000000;-1.000000;,
           0.000000; 0.000000;-1.000000;,
           0.000000; 0.000000;-1.000000;,
           0.000000; 0.000000;-1.000000;,
           0.000000; 0.000000;-1.000000;,
           0.000000; 0.000000;-1.000000;,
           0.000000; 0.000000;-1.000000;,
           0.000000; 0.000000;-1.000000;,
           0.000000; 0.000000;-1.000000;,
           0.000000; 0.000000;-1.000000;,
           0.000000; 0.000000;-1.000000;,
           0.000000; 0.000000;-1.000000;,
           0.000000; 0.000000;-1.000000;,
           0.000000; 0.000000;-1.000000;,
           0.000000; 0.000000;-1.000000;,
           0.000000; 0.000000;-1.000000;,
           0.000000; 0.000000;-1.000000;,
           0.000000; 0.000000;-1.000000;,
           0.000000; 0.000000;-1.000000;,
           0.000000; 0.000000;-1.000000;,
           0.000000; 0.000000;-1.000000;,
           0.000000; 0.000000;-1.000000;,
           0.000000; 0.000000;-1.000000;,
           0.000000; 0.000000;-1.000000;,
           0.000000; 0.000000;-1.000000;,
           0.000000; 0.000000;-1.000000;,
           0.000000; 0.000000;-1.000000;,
           0.000000; 0.000000;-1.000000;,
           0.000000; 0.000000;-1.000000;,
           0.000000; 0.000000;-1.000000;,
           0.000000; 0.000000;-1.000000;,
           0.000000; 0.000000;-1.000000;,
           0.000000; 0.000000;-1.000000;,
           0.000000; 0.000000;-1.000000;,
           0.000000; 0.000000;-1.000000;,
           0.000000; 0.000000;-1.000000;,
           0.000000; 0.000000;-1.000000;,
           0.000000; 0.000000;-1.000000;,
           0.000000; 0.000000;-1.000000;,
           0.000000; 0.000000;-1.000000;,
           0.000000; 0.000000;-1.000000;,
           0.000000; 0.000000;-1.000000;,
           0.000000; 0.000000;-1.000000;,
           0.000000; 0.000000;-1.000000;,
           0.000000; 0.000000;-1.000000;,
           0.000000; 0.000000;-1.000000;,
           0.000000; 0.000000;-1.000000;,
           0.000000; 0.000000;-1.000000;,
           0.000000; 0.000000;-1.000000;,
           0.000000; 0.000000;-1.000000;,
           0.000000; 0.000000;-1.000000;,
           0.000000; 0.000000;-1.000000;,
           0.000000; 0.000000;-1.000000;,
           0.000000; 0.000000;-1.000000;,
           0.000000; 0.000000;-1.000000;,
           0.000000; 0.000000;-1.000000;,
           0.000000; 0.000000;-1.000000;,
           0.000000; 0.000000;-1.000000;,
           0.000000; 0.000000;-1.000000;,
           0.000000; 0.000000;-1.000000;,
           0.000000; 0.000000;-1.000000;,
           0.000000; 0.000000;-1.000000;,
           0.000000; 0.000000;-0.999969;,
           0.000000; 0.000000;-1.000000;,
           0.000000; 0.000000;-1.000000;,
           0.000000; 0.000000;-1.000000;,
           0.000000; 0.000000;-1.000000;,
           0.000000; 0.000000;-1.000000;,
           0.000000; 0.000000;-1.000000;,
           0.000000; 0.000000;-1.000000;,
           0.000000; 0.000000;-1.000000;,
           0.000000; 0.000000;-1.000000;,
           0.000000; 0.000000;-1.000000;,
           0.000000; 0.000000;-1.000000;,
           0.000000; 0.000000;-1.000000;,
           0.000000; 0.000000;-1.000000;,
           0.000000; 0.000000;-1.000000;,
           0.000000; 0.000000;-1.000000;,
           0.000000; 0.000000;-1.000000;,
           0.000000; 0.000000;-1.000000;,
           0.000000; 0.000000;-1.000000;,
           0.000000; 0.000000;-1.000000;,
           0.000000; 0.000000;-1.000000;,
           0.000000; 0.000000;-1.000000;,
           0.000000; 0.000000;-1.000000;,
           0.000000; 0.000000;-1.000000;,
           0.000000; 0.000000;-1.000000;,
           0.000000; 0.000000;-1.000000;,
           0.000000; 0.000000;-1.000000;,
           0.000000; 0.000000;-1.000000;,
           0.000000; 0.000000;-1.000000;,
           0.000000; 0.000000;-1.000000;,
           0.000000; 0.000000;-1.000000;,
           0.000000; 0.000000;-1.000000;,
           0.000000; 0.000000;-1.000000;,
           0.000000; 0.000000;-1.000000;,
           0.000000; 0.000000;-1.000000;,
           0.000000; 0.000000;-1.000000;,
           0.000000; 0.000000;-1.000000;,
           0.000000; 0.000000;-1.000000;,
           0.000000; 0.000000;-1.000000;,
           0.000000; 0.000000;-1.000000;,
           0.000000; 0.000000;-1.000000;,
           0.000000; 0.000000;-0.999969;,
           0.000000; 0.000000;-1.000000;,
           0.000000; 0.000000;-1.000000;,
           0.000000; 0.000000;-1.000000;,
           0.000000; 0.000000;-1.000000;,
           0.000000; 0.000000;-1.000000;,
           0.000000; 0.000000;-1.000000;,
           0.000000; 0.000000;-1.000000;,
           0.000000; 0.000000;-1.000000;,
           0.000000; 0.000000;-1.000000;,
           0.000000; 0.000000;-1.000000;,
           0.000000; 0.000000;-1.000000;,
           0.000000; 0.000000;-1.000000;,
           0.000000; 0.000000;-1.000000;,
           0.000000; 0.000000;-1.000000;,
           0.000000; 0.000000;-1.000000;,
           0.000000; 0.000000;-1.000000;,
           0.000000; 0.000000;-1.000000;,
           0.000000; 0.000000;-1.000000;,
           0.000000; 0.000000;-1.000000;,
           0.000000; 0.000000;-1.000000;,
           0.000000; 0.000000;-1.000000;,
           0.000000; 0.000000;-1.000000;,
           0.000000; 0.000000;-1.000000;,
           0.000000; 0.000000;-1.000000;,
           0.000000; 0.000000;-1.000000;,
           0.000000; 0.000000;-1.000000;,
           0.000000; 0.000000;-0.999969;,
           0.000000; 0.000000;-1.000000;,
           0.000000; 0.000000;-1.000000;,
           0.000000; 0.000000;-0.999969;,
           0.000000; 0.000000;-0.999969;,
           0.000000; 0.000000;-1.000000;,
           0.000000; 0.000000;-1.000000;,
           0.000000; 0.000000;-0.999969;,
           0.000000; 0.000000;-1.000000;,
           0.000000; 0.000000;-1.000000;,
           0.000000; 0.000000;-1.000000;,
           0.000000; 0.000000;-1.000000;,
           0.000000; 0.000000;-1.000000;,
           0.000000; 0.000000;-1.000000;;
          60;
          4;3,2,1,0;,
          4;7,6,5,4;,
          4;11,10,9,8;,
          4;15,14,13,12;,
          4;19,18,17,16;,
          4;23,22,21,20;,
          4;27,26,25,24;,
          4;31,30,29,28;,
          4;35,34,33,32;,
          4;39,38,37,36;,
          4;43,42,41,40;,
          4;47,46,45,44;,
          4;51,50,49,48;,
          4;55,54,53,52;,
          4;59,58,57,56;,
          4;63,62,61,60;,
          4;67,66,65,64;,
          4;71,70,69,68;,
          4;75,74,73,72;,
          4;79,78,77,76;,
          4;83,82,81,80;,
          4;87,86,85,84;,
          4;91,90,89,88;,
          4;95,94,93,92;,
          4;99,98,97,96;,
          4;103,102,101,100;,
          4;107,106,105,104;,
          4;111,110,109,108;,
          4;115,114,113,112;,
          4;119,118,117,116;,
          4;123,122,121,120;,
          4;127,126,125,124;,
          4;131,130,129,128;,
          4;135,134,133,132;,
          4;139,138,137,136;,
          4;143,142,141,140;,
          4;147,146,145,144;,
          4;151,150,149,148;,
          4;155,154,153,152;,
          4;159,158,157,156;,
          4;163,162,161,160;,
          4;167,166,165,164;,
          4;171,170,169,168;,
          4;175,174,173,172;,
          4;179,178,177,176;,
          4;183,182,181,180;,
          4;187,186,185,184;,
          4;191,190,189,188;,
          4;195,194,193,192;,
          4;199,198,197,196;,
          4;203,202,201,200;,
          4;207,206,205,204;,
          4;211,210,209,208;,
          4;215,214,213,212;,
          4;219,218,217,216;,
          4;223,222,221,220;,
          4;227,226,225,224;,
          4;231,230,229,228;,
          4;235,234,233,232;,
          4;239,238,237,236;;
        } // End of BannerBack_001 normals
        MeshTextureCoords { // BannerBack_001 UV coordinates
          240;
           0.200000; 0.000000;,
           0.300000; 0.000000;,
           0.300000; 0.100000;,
           0.200000; 0.100000;,
           0.200000; 0.100000;,
           0.300000; 0.100000;,
           0.300000; 0.200000;,
           0.200000; 0.200000;,
           0.200000; 0.200000;,
           0.300000; 0.200000;,
           0.300000; 0.300000;,
           0.200000; 0.300000;,
           0.200000; 0.300000;,
           0.300000; 0.300000;,
           0.300000; 0.400000;,
           0.200000; 0.400000;,
           0.200000; 0.400000;,
           0.300000; 0.400000;,
           0.300000; 0.500000;,
           0.200000; 0.500000;,
           0.200000; 0.500000;,
           0.300000; 0.500000;,
           0.300000; 0.600000;,
           0.200000; 0.600000;,
