xof 0303txt 0032

template XSkinMeshHeader {
  <3cf169ce-ff7c-44ab-93c0-f78f62d172e2>
  WORD nMaxSkinWeightsPerVertex;
  WORD nMaxSkinWeightsPerFace;
  WORD nBones;
}

template SkinWeights {
  <6f0d123b-bad2-4167-a0d0-80224f25fabb>
  STRING transformNodeName;
  DWORD nWeights;
  array DWORD vertexIndices[nWeights];
  array float weights[nWeights];
  Matrix4x4 matrixOffset;
}

Frame Root {
  FrameTransformMatrix {
     1.000000, 0.000000, 0.000000, 0.000000,
     0.000000,-0.000000, 1.000000, 0.000000,
     0.000000, 1.000000, 0.000000, 0.000000,
     0.000000, 0.000000, 0.000000, 1.000000;;
  }
  Frame Armature {
    FrameTransformMatrix {
       1.000000, 0.000000, 0.000000, 0.000000,
       0.000000, 1.000000, 0.000000, 0.000000,
       0.000000, 0.000000, 1.000000, 0.000000,
       0.000000,-0.740598, 1.973722, 1.000000;;
    }
    Frame Armature_Bone {
      FrameTransformMatrix {
         1.000000, 0.000000, 0.000000, 0.000000,
         0.000000, 0.999381, 0.035174, 0.000000,
         0.000000,-0.035174, 0.999381, 0.000000,
         0.000000, 0.000000, 0.000000, 1.000000;;
      }
      Frame Armature_Bone_001 {
        FrameTransformMatrix {
           1.000000, 0.000000, 0.000000, 0.000000,
           0.000000, 0.999381,-0.035174, 0.000000,
           0.000000, 0.035174, 0.999381, 0.000000,
           0.000000, 0.937196, 0.000000, 1.000000;;
        }
      } // End of Armature_Bone_001
      Frame Armature_BoneLeg1Bone1_L {
        FrameTransformMatrix {
           0.440829, 0.849344, 0.290319, 0.000000,
          -0.890895, 0.453455, 0.026153, 0.000000,
          -0.109434,-0.270172, 0.956573, 0.000000,
           0.000000, 0.937196, 0.000000, 1.000000;;
        }
        Frame Armature_BoneLeg1Bone2_L {
          FrameTransformMatrix {
             0.873516,-0.486795, 0.000115, 0.000000,
             0.261933, 0.470219, 0.842784, 0.000000,
            -0.410317,-0.736156, 0.538252, 0.000000,
            -0.000000, 0.761205,-0.000000, 1.000000;;
          }
          Frame Armature_BoneLeg1Bone3_L {
            FrameTransformMatrix {
               0.764510,-0.603059, 0.227695, 0.000000,
               0.477278, 0.292139,-0.828770, 0.000000,
               0.433279, 0.742277, 0.511170, 0.000000,
               0.000000, 1.741564,-0.000000, 1.000000;;
            }
            Frame Armature_BoneLeg1Bone4_L {
              FrameTransformMatrix {
                 0.825389,-0.508104, 0.246096, 0.000000,
                 0.263311,-0.039129,-0.963917, 0.000000,
                 0.499400, 0.860406, 0.101493, 0.000000,
                -0.000000, 1.484304,-0.000000, 1.000000;;
              }
            } // End of Armature_BoneLeg1Bone4_L
          } // End of Armature_BoneLeg1Bone3_L
        } // End of Armature_BoneLeg1Bone2_L
      } // End of Armature_BoneLeg1Bone1_L
      Frame Armature_BoneLeg1Bone1_R {
        FrameTransformMatrix {
           0.440829,-0.897036, 0.031572, 0.000000,
           0.890895, 0.432981,-0.137234, 0.000000,
           0.109434, 0.088624, 0.990035, 0.000000,
           0.000000, 0.937196, 0.000000, 1.000000;;
        }
        Frame Armature_BoneLeg1Bone2_R {
          FrameTransformMatrix {
             0.732326, 0.514136, 0.446502, 0.000000,
            -0.675784, 0.629375, 0.383672, 0.000000,
            -0.083758,-0.582711, 0.808352, 0.000000,
            -0.000000, 0.761205, 0.000000, 1.000000;;
          }
          Frame Armature_BoneLeg1Bone3_R {
            FrameTransformMatrix {
               0.913886, 0.382572,-0.135831, 0.000000,
              -0.403864, 0.890781,-0.208332, 0.000000,
               0.041294, 0.245249, 0.968580, 0.000000,
               0.000000, 1.741564, 0.000000, 1.000000;;
            }
            Frame Armature_BoneLeg1Bone4_R {
              FrameTransformMatrix {
                 0.951090, 0.302123, 0.064411, 0.000000,
                -0.205199, 0.773747,-0.599341, 0.000000,
                -0.230913, 0.556810, 0.797898, 0.000000,
                 0.000000, 1.484304, 0.000000, 1.000000;;
              }
            } // End of Armature_BoneLeg1Bone4_R
          } // End of Armature_BoneLeg1Bone3_R
        } // End of Armature_BoneLeg1Bone2_R
      } // End of Armature_BoneLeg1Bone1_R
      Frame Armature_BoneLeg2Bone1_L {
        FrameTransformMatrix {
           0.000000, 0.999381,-0.035174, 0.000000,
          -1.000000, 0.000000,-0.000000, 0.000000,
           0.000000, 0.035174, 0.999381, 0.000000,
           0.000000, 0.937196, 0.000000, 1.000000;;
        }
        Frame Armature_BoneLeg2Bone2_L {
          FrameTransformMatrix {
             0.971385,-0.237509, 0.000000, 0.000000,
             0.235475, 0.963065, 0.130607, 0.000000,
            -0.031021,-0.126870, 0.991434, 0.000000,
            -0.000000, 0.713464, 0.000000, 1.000000;;
          }
          Frame Armature_BoneLeg2Bone3_L {
            FrameTransformMatrix {
               0.929585,-0.365451, 0.048143, 0.000000,
               0.342741, 0.808884,-0.477740, 0.000000,
               0.135648, 0.460600, 0.877182, 0.000000,
              -0.000000, 1.473558,-0.000000, 1.000000;;
            }
            Frame Armature_BoneLeg2Bone4_L {
              FrameTransformMatrix {
                 0.991635,-0.120013,-0.047498, 0.000000,
                 0.072926, 0.824597,-0.561001, 0.000000,
                 0.106494, 0.552844, 0.826451, 0.000000,
                -0.000000, 1.825398, 0.000000, 1.000000;;
              }
            } // End of Armature_BoneLeg2Bone4_L
          } // End of Armature_BoneLeg2Bone3_L
        } // End of Armature_BoneLeg2Bone2_L
      } // End of Armature_BoneLeg2Bone1_L
      Frame Armature_BoneLeg2Bone1_R {
        FrameTransformMatrix {
           0.000000,-0.999381, 0.035174, 0.000000,
           1.000000, 0.000000,-0.000000, 0.000000,
           0.000000, 0.035174, 0.999381, 0.000000,
           0.000000, 0.937196, 0.000000, 1.000000;;
        }
        Frame Armature_BoneLeg2Bone2_R {
          FrameTransformMatrix {
             0.971385, 0.237509,-0.000000, 0.000000,
            -0.235475, 0.963065, 0.130607, 0.000000,
             0.031021,-0.126870, 0.991434, 0.000000,
             0.000000, 0.713464, 0.000000, 1.000000;;
          }
          Frame Armature_BoneLeg2Bone3_R {
            FrameTransformMatrix {
               0.929585, 0.365451,-0.048143, 0.000000,
              -0.342741, 0.808884,-0.477740, 0.000000,
              -0.135648, 0.460600, 0.877182, 0.000000,
               0.000000, 1.473558,-0.000000, 1.000000;;
            }
            Frame Armature_BoneLeg2Bone4_R {
              FrameTransformMatrix {
                 0.991635, 0.120013, 0.047498, 0.000000,
                -0.072926, 0.824597,-0.561001, 0.000000,
                -0.106494, 0.552844, 0.826451, 0.000000,
                 0.000000, 1.825398, 0.000000, 1.000000;;
              }
            } // End of Armature_BoneLeg2Bone4_R
          } // End of Armature_BoneLeg2Bone3_R
        } // End of Armature_BoneLeg2Bone2_R
      } // End of Armature_BoneLeg2Bone1_R
      Frame Armature_BoneLeg3Bone1_L {
        FrameTransformMatrix {
          -0.604386, 0.796198,-0.028023, 0.000000,
          -0.796691,-0.604012, 0.021259, 0.000000,
          -0.000000, 0.035174, 0.999381, 0.000000,
           0.000000, 0.937196, 0.000000, 1.000000;;
        }
        Frame Armature_BoneLeg3Bone2_L {
          FrameTransformMatrix {
             0.868869,-0.495043,-0.000000, 0.000000,
             0.494449, 0.867827, 0.048944, 0.000000,
            -0.024229,-0.042526, 0.998801, 0.000000,
            -0.000000, 0.851492, 0.000000, 1.000000;;
          }
          Frame Armature_BoneLeg3Bone3_L {
            FrameTransformMatrix {
               0.974947, 0.222173,-0.010887, 0.000000,
              -0.207073, 0.888635,-0.409206, 0.000000,
              -0.081240, 0.401208, 0.912377, 0.000000,
              -0.000000, 1.433135,-0.000000, 1.000000;;
            }
            Frame Armature_BoneLeg3Bone4_L {
              FrameTransformMatrix {
                 0.962065, 0.253975, 0.099640, 0.000000,
                -0.182418, 0.870409,-0.457288, 0.000000,
                -0.202867, 0.421764, 0.883719, 0.000000,
                -0.000000, 1.612670,-0.000000, 1.000000;;
              }
            } // End of Armature_BoneLeg3Bone4_L
          } // End of Armature_BoneLeg3Bone3_L
        } // End of Armature_BoneLeg3Bone2_L
      } // End of Armature_BoneLeg3Bone1_L
      Frame Armature_BoneLeg3Bone1_R {
        FrameTransformMatrix {
          -0.604386,-0.796198, 0.028023, 0.000000,
           0.796691,-0.604012, 0.021259, 0.000000,
           0.000000, 0.035174, 0.999381, 0.000000,
           0.000000, 0.937196, 0.000000, 1.000000;;
        }
        Frame Armature_BoneLeg3Bone2_R {
          FrameTransformMatrix {
             0.868869, 0.495043, 0.000000, 0.000000,
            -0.494449, 0.867827, 0.048944, 0.000000,
             0.024229,-0.042526, 0.998801, 0.000000,
             0.000000, 0.851492, 0.000000, 1.000000;;
          }
          Frame Armature_BoneLeg3Bone3_R {
            FrameTransformMatrix {
               0.974947,-0.222173, 0.010887, 0.000000,
               0.207073, 0.888635,-0.409206, 0.000000,
               0.081240, 0.401208, 0.912377, 0.000000,
               0.000000, 1.433135,-0.000000, 1.000000;;
            }
            Frame Armature_BoneLeg3Bone4_R {
              FrameTransformMatrix {
                 0.962065,-0.253975,-0.099640, 0.000000,
                 0.182418, 0.870409,-0.457288, 0.000000,
                 0.202867, 0.421764, 0.883719, 0.000000,
                 0.000000, 1.612670,-0.000000, 1.000000;;
              }
            } // End of Armature_BoneLeg3Bone4_R
          } // End of Armature_BoneLeg3Bone3_R
        } // End of Armature_BoneLeg3Bone2_R
      } // End of Armature_BoneLeg3Bone1_R
      Frame Armature_BoneLeg4Bone1_L {
        FrameTransformMatrix {
          -0.834773, 0.550254,-0.019367, 0.000000,
          -0.550595,-0.834256, 0.029363, 0.000000,
          -0.000000, 0.035174, 0.999381, 0.000000,
           0.000000, 0.937196, 0.000000, 1.000000;;
        }
        Frame Armature_BoneLeg4Bone2_L {
          FrameTransformMatrix {
             0.996228,-0.086770, 0.000000, 0.000000,
             0.086764, 0.996165,-0.011304, 0.000000,
             0.000981, 0.011262, 0.999936, 0.000000,
             0.000000, 0.993598, 0.000000, 1.000000;;
          }
          Frame Armature_BoneLeg4Bone3_L {
            FrameTransformMatrix {
               0.922187, 0.386720, 0.004372, 0.000000,
              -0.337346, 0.809872,-0.479901, 0.000000,
              -0.189128, 0.441084, 0.877312, 0.000000,
              -0.000000, 2.188479, 0.000000, 1.000000;;
            }
            Frame Armature_BoneLeg4Bone4_L {
              FrameTransformMatrix {
                 0.979002, 0.177813, 0.099688, 0.000000,
                -0.143160, 0.947851,-0.284752, 0.000000,
                -0.145122, 0.264502, 0.953404, 0.000000,
                -0.000000, 1.470282, 0.000000, 1.000000;;
              }
            } // End of Armature_BoneLeg4Bone4_L
          } // End of Armature_BoneLeg4Bone3_L
        } // End of Armature_BoneLeg4Bone2_L
      } // End of Armature_BoneLeg4Bone1_L
      Frame Armature_BoneLeg4Bone1_R {
        FrameTransformMatrix {
          -0.834773,-0.550254, 0.019367, 0.000000,
           0.550595,-0.834256, 0.029363, 0.000000,
           0.000000, 0.035174, 0.999381, 0.000000,
           0.000000, 0.937196, 0.000000, 1.000000;;
        }
        Frame Armature_BoneLeg4Bone2_R {
          FrameTransformMatrix {
             0.996228, 0.086770,-0.000000, 0.000000,
            -0.086764, 0.996165,-0.011304, 0.000000,
            -0.000981, 0.011262, 0.999936, 0.000000,
            -0.000000, 0.993598, 0.000000, 1.000000;;
          }
          Frame Armature_BoneLeg4Bone3_R {
            FrameTransformMatrix {
               0.922187,-0.386720,-0.004372, 0.000000,
               0.337346, 0.809872,-0.479901, 0.000000,
               0.189128, 0.441084, 0.877312, 0.000000,
               0.000000, 2.188479, 0.000000, 1.000000;;
            }
            Frame Armature_BoneLeg4Bone4_R {
              FrameTransformMatrix {
                 0.979002,-0.177813,-0.099688, 0.000000,
                 0.143160, 0.947851,-0.284752, 0.000000,
                 0.145122, 0.264502, 0.953404, 0.000000,
                 0.000000, 1.470282, 0.000000, 1.000000;;
              }
            } // End of Armature_BoneLeg4Bone4_R
          } // End of Armature_BoneLeg4Bone3_R
        } // End of Armature_BoneLeg4Bone2_R
      } // End of Armature_BoneLeg4Bone1_R
    } // End of Armature_Bone
    Frame Armature_Bone_004 {
      FrameTransformMatrix {
        -1.000000, 0.000000, 0.000000, 0.000000,
         0.000000,-1.000000, 0.000000, 0.000000,
         0.000000, 0.000000, 1.000000, 0.000000,
         0.000000, 0.000000, 0.000000, 1.000000;;
      }
    } // End of Armature_Bone_004
    Frame Body {
      FrameTransformMatrix {
         1.000000, 0.000000, 0.000000, 0.000000,
         0.000000,-0.000000, 1.000000, 0.000000,
         0.000000,-1.000000,-0.000000, 0.000000,
         0.000000, 0.740598,-1.973722, 1.000000;;
      }
      Mesh { // Body mesh
        290;
         0.434183; 1.651297;-0.533334;,
         0.000000; 1.651297;-0.802220;,
         0.000000; 1.951481;-1.499340;,
         0.614027; 1.951481;-1.172412;,
         0.000000; 1.651297;-0.802220;,
        -0.434183; 1.651297;-0.533334;,
        -0.614027; 1.951481;-1.172412;,
         0.000000; 1.951481;-1.499340;,
        -0.434183; 1.651297;-0.533334;,
        -0.614027; 1.651297;-0.135462;,
        -0.871578; 1.951481;-0.135462;,
        -0.614027; 1.951481;-1.172412;,
        -0.614027; 1.651297;-0.135462;,
        -0.434183; 1.651297; 0.597773;,
        -0.614027; 1.951481; 0.744829;,
        -0.871578; 1.951481;-0.135462;,
        -0.434183; 1.651297; 0.597773;,
         0.000000; 1.651297; 0.901488;,
         0.000000; 1.951481; 1.331007;,
        -0.614027; 1.951481; 0.744829;,
         0.000000; 1.651297; 0.901488;,
         0.434183; 1.651297; 0.597773;,
         0.614027; 1.951481; 0.744829;,
         0.000000; 1.951481; 1.331007;,
         0.434183; 1.651297; 0.597773;,
         0.614027; 1.651297;-0.135462;,
         0.871578; 1.951481;-0.135462;,
         0.614027; 1.951481; 0.744829;,
         0.614027; 1.651297;-0.135462;,
         0.434183; 1.651297;-0.533334;,
         0.614027; 1.951481;-1.172412;,
         0.871578; 1.951481;-0.135462;,
         0.614027; 1.951481;-1.172412;,
         0.000000; 1.951481;-1.499340;,
         0.000000; 2.166902;-1.406973;,
         0.551249; 2.166902;-1.029996;,
         0.000000; 1.951481;-1.499340;,
        -0.614027; 1.951481;-1.172412;,
        -0.551249; 2.166902;-1.029996;,
         0.000000; 2.166902;-1.406973;,
        -0.614027; 1.951481;-1.172412;,
        -0.871578; 1.951481;-0.135462;,
        -0.706359; 2.251665;-0.135462;,
        -0.551249; 2.166902;-1.029996;,
        -0.871578; 1.951481;-0.135462;,
        -0.614027; 1.951481; 0.744829;,
        -0.581089; 2.251665; 0.454442;,
        -0.706359; 2.251665;-0.135462;,
        -0.614027; 1.951481; 0.744829;,
         0.000000; 1.951481; 1.331007;,
         0.000000; 2.251665; 0.901488;,
        -0.581089; 2.251665; 0.454442;,
         0.000000; 1.951481; 1.331007;,
         0.614027; 1.951481; 0.744829;,
         0.581089; 2.251665; 0.454442;,
         0.000000; 2.251665; 0.901488;,
         0.614027; 1.951481; 0.744829;,
         0.871578; 1.951481;-0.135462;,
         0.706359; 2.251665;-0.135462;,
         0.581089; 2.251665; 0.454442;,
         0.871578; 1.951481;-0.135462;,
         0.614027; 1.951481;-1.172412;,
         0.551249; 2.166902;-1.029996;,
         0.706359; 2.251665;-0.135462;,
         0.000000; 1.651297;-0.802220;,
         0.434183; 1.651297;-0.533334;,
         0.000000; 1.526957;-0.135462;,
        -0.434183; 1.651297;-0.533334;,
         0.000000; 1.651297;-0.802220;,
         0.000000; 1.526957;-0.135462;,
        -0.614027; 1.651297;-0.135462;,
        -0.434183; 1.651297;-0.533334;,
         0.000000; 1.526957;-0.135462;,
        -0.434183; 1.651297; 0.597773;,
        -0.614027; 1.651297;-0.135462;,
         0.000000; 1.526957;-0.135462;,
         0.000000; 1.651297; 0.901488;,
        -0.434183; 1.651297; 0.597773;,
         0.000000; 1.526957;-0.135462;,
         0.434183; 1.651297; 0.597773;,
         0.000000; 1.651297; 0.901488;,
         0.000000; 1.526957;-0.135462;,
         0.614027; 1.651297;-0.135462;,
         0.434183; 1.651297; 0.597773;,
         0.000000; 1.526957;-0.135462;,
         0.434183; 1.651297;-0.533334;,
         0.614027; 1.651297;-0.135462;,
         0.000000; 1.526957;-0.135462;,
         0.551249; 2.166902;-1.029996;,
         0.000000; 2.166902;-1.406973;,
         0.000000; 2.357163;-0.135462;,
         0.000000; 2.166902;-1.406973;,
        -0.551249; 2.166902;-1.029996;,
         0.000000; 2.357163;-0.135462;,
        -0.551249; 2.166902;-1.029996;,
        -0.706359; 2.251665;-0.135462;,
         0.000000; 2.357163;-0.135462;,
        -0.706359; 2.251665;-0.135462;,
        -0.581089; 2.251665; 0.454442;,
         0.000000; 2.357163;-0.135462;,
        -0.581089; 2.251665; 0.454442;,
         0.000000; 2.251665; 0.901488;,
         0.000000; 2.357163;-0.135462;,
         0.000000; 2.251665; 0.901488;,
         0.581089; 2.251665; 0.454442;,
         0.000000; 2.357163;-0.135462;,
         0.581089; 2.251665; 0.454442;,
         0.706359; 2.251665;-0.135462;,
         0.000000; 2.357163;-0.135462;,
         0.706359; 2.251665;-0.135462;,
         0.551249; 2.166902;-1.029996;,
         0.000000; 2.357163;-0.135462;,
         0.510773; 1.700210; 1.462362;,
         0.000000; 1.608297; 1.071848;,
         0.000000; 2.078485; 0.519578;,
         0.690585; 2.078485; 1.071848;,
         0.000000; 1.608297; 1.071848;,
        -0.510773; 1.700210; 1.462362;,
        -0.690585; 2.078485; 1.071848;,
         0.000000; 2.078485; 0.519578;,
        -0.510773; 1.700210; 1.462362;,
        -0.722342; 1.734429; 2.405145;,
        -0.949611; 2.078485; 2.405145;,
        -0.690585; 2.078485; 1.071848;,
        -0.722342; 1.734429; 2.405145;,
        -0.510773; 1.686160; 3.347929;,
        -0.722342; 2.078485; 3.738443;,
        -0.949611; 2.078485; 2.405145;,
        -0.510773; 1.686160; 3.347929;,
         0.000000; 1.533016; 3.738443;,
         0.000000; 2.078485; 4.159633;,
        -0.722342; 2.078485; 3.738443;,
         0.000000; 1.533016; 3.738443;,
         0.510773; 1.686160; 3.347929;,
         0.722342; 2.078485; 3.738443;,
         0.000000; 2.078485; 4.159633;,
         0.510773; 1.686160; 3.347929;,
         0.722342; 1.734429; 2.405145;,
         0.949611; 2.078485; 2.405145;,
         0.722342; 2.078485; 3.738443;,
         0.722342; 1.734429; 2.405145;,
         0.510773; 1.700210; 1.462362;,
         0.690585; 2.078485; 1.071848;,
         0.949611; 2.078485; 2.405145;,
         0.690585; 2.078485; 1.071848;,
         0.000000; 2.078485; 0.519578;,
         0.000000; 2.319647; 0.698840;,
         0.593340; 2.483799; 1.081828;,
         0.000000; 2.078485; 0.519578;,
        -0.690585; 2.078485; 1.071848;,
        -0.593340; 2.483799; 1.081828;,
         0.000000; 2.319647; 0.698840;,
        -0.690585; 2.078485; 1.071848;,
        -0.949611; 2.078485; 2.405145;,
        -0.737050; 2.562985; 2.405145;,
        -0.593340; 2.483799; 1.081828;,
        -0.949611; 2.078485; 2.405145;,
        -0.722342; 2.078485; 3.738443;,
        -0.574402; 2.531432; 3.347929;,
        -0.737050; 2.562985; 2.405145;,
        -0.722342; 2.078485; 3.738443;,
         0.000000; 2.078485; 4.159633;,
         0.000000; 2.623954; 3.738443;,
        -0.574402; 2.531432; 3.347929;,
         0.000000; 2.078485; 4.159633;,
         0.722342; 2.078485; 3.738443;,
         0.574402; 2.531432; 3.347929;,
         0.000000; 2.623954; 3.738443;,
         0.722342; 2.078485; 3.738443;,
         0.949611; 2.078485; 2.405145;,
         0.737050; 2.562985; 2.405145;,
         0.574402; 2.531432; 3.347929;,
         0.949611; 2.078485; 2.405145;,
         0.690585; 2.078485; 1.071848;,
         0.593340; 2.483799; 1.081828;,
         0.737050; 2.562985; 2.405145;,
         0.000000; 1.608297; 1.071848;,
         0.510773; 1.700210; 1.462362;,
         0.000000; 1.463078; 2.405145;,
        -0.510773; 1.700210; 1.462362;,
         0.000000; 1.608297; 1.071848;,
         0.000000; 1.463078; 2.405145;,
        -0.722342; 1.734429; 2.405145;,
        -0.510773; 1.700210; 1.462362;,
         0.000000; 1.463078; 2.405145;,
        -0.510773; 1.686160; 3.347929;,
        -0.722342; 1.734429; 2.405145;,
         0.000000; 1.463078; 2.405145;,
         0.000000; 1.533016; 3.738443;,
        -0.510773; 1.686160; 3.347929;,
         0.000000; 1.463078; 2.405145;,
         0.510773; 1.686160; 3.347929;,
         0.000000; 1.533016; 3.738443;,
         0.000000; 1.463078; 2.405145;,
         0.722342; 1.734429; 2.405145;,
         0.510773; 1.686160; 3.347929;,
         0.000000; 1.463078; 2.405145;,
         0.510773; 1.700210; 1.462362;,
         0.722342; 1.734429; 2.405145;,
         0.000000; 1.463078; 2.405145;,
         0.593340; 2.483799; 1.081828;,
         0.000000; 2.319647; 0.698840;,
         0.000000; 2.776779; 2.405145;,
         0.000000; 2.319647; 0.698840;,
        -0.593340; 2.483799; 1.081828;,
         0.000000; 2.776779; 2.405145;,
        -0.593340; 2.483799; 1.081828;,
        -0.737050; 2.562985; 2.405145;,
         0.000000; 2.776779; 2.405145;,
        -0.737050; 2.562985; 2.405145;,
        -0.574402; 2.531432; 3.347929;,
         0.000000; 2.776779; 2.405145;,
        -0.574402; 2.531432; 3.347929;,
         0.000000; 2.623954; 3.738443;,
         0.000000; 2.776779; 2.405145;,
         0.000000; 2.623954; 3.738443;,
         0.574402; 2.531432; 3.347929;,
         0.000000; 2.776779; 2.405145;,
         0.574402; 2.531432; 3.347929;,
         0.737050; 2.562985; 2.405145;,
         0.000000; 2.776779; 2.405145;,
         0.737050; 2.562985; 2.405145;,
         0.593340; 2.483799; 1.081828;,
         0.000000; 2.776779; 2.405145;,
        -0.610621; 1.912340;-0.978135;,
        -0.907710; 1.548127;-1.509360;,
        -0.625692; 1.459772;-1.462306;,
        -0.338131; 1.912340;-0.967708;,
        -0.338131; 1.912340;-0.967708;,
        -0.625692; 1.459772;-1.462306;,
        -0.680678; 1.705738;-1.622670;,
        -0.474376; 2.182899;-0.972921;,
        -0.474376; 2.182899;-0.972921;,
        -0.680678; 1.705738;-1.622670;,
        -0.907710; 1.548127;-1.509360;,
        -0.610621; 1.912340;-0.978135;,
        -0.907710; 1.548127;-1.509360;,
        -0.717071; 1.185097;-1.975659;,
        -0.561023; 1.191292;-1.874456;,
        -0.625692; 1.459772;-1.462306;,
        -0.625692; 1.459772;-1.462306;,
        -0.561023; 1.191292;-1.874456;,
        -0.570040; 1.280498;-2.037158;,
        -0.680678; 1.705738;-1.622670;,
        -0.680678; 1.705738;-1.622670;,
        -0.570040; 1.280498;-2.037158;,
        -0.717071; 1.185097;-1.975659;,
        -0.907710; 1.548127;-1.509360;,
        -0.717071; 1.185097;-1.975659;,
        -0.287109; 0.815331;-2.346935;,
        -0.561023; 1.191292;-1.874456;,
        -0.561023; 1.191292;-1.874456;,
        -0.287109; 0.815331;-2.346935;,
        -0.570040; 1.280498;-2.037158;,
        -0.570040; 1.280498;-2.037158;,
        -0.287109; 0.815331;-2.346935;,
        -0.717071; 1.185097;-1.975659;,
         0.610621; 1.912340;-0.978135;,
         0.338131; 1.912340;-0.967708;,
         0.625692; 1.459772;-1.462306;,
         0.907710; 1.548127;-1.509360;,
         0.338131; 1.912340;-0.967708;,
         0.474376; 2.182899;-0.972921;,
         0.680678; 1.705738;-1.622670;,
         0.625692; 1.459772;-1.462306;,
         0.474376; 2.182899;-0.972921;,
         0.610621; 1.912340;-0.978135;,
         0.907710; 1.548127;-1.509360;,
         0.680678; 1.705738;-1.622670;,
         0.907710; 1.548127;-1.509360;,
         0.625692; 1.459772;-1.462306;,
         0.561023; 1.191292;-1.874456;,
         0.717071; 1.185097;-1.975659;,
         0.625692; 1.459772;-1.462306;,
         0.680678; 1.705738;-1.622670;,
         0.570040; 1.280498;-2.037158;,
         0.561023; 1.191292;-1.874456;,
         0.680678; 1.705738;-1.622670;,
         0.907710; 1.548127;-1.509360;,
         0.717071; 1.185097;-1.975659;,
         0.570040; 1.280498;-2.037158;,
         0.717071; 1.185097;-1.975659;,
         0.561023; 1.191292;-1.874456;,
         0.287109; 0.815331;-2.346935;,
         0.561023; 1.191292;-1.874456;,
         0.570040; 1.280498;-2.037158;,
         0.287109; 0.815331;-2.346935;,
         0.570040; 1.280498;-2.037158;,
         0.717071; 1.185097;-1.975659;,
         0.287109; 0.815331;-2.346935;;
        82;
        4;3,2,1,0;,
        4;7,6,5,4;,
        4;11,10,9,8;,
        4;15,14,13,12;,
        4;19,18,17,16;,
        4;23,22,21,20;,
        4;27,26,25,24;,
        4;31,30,29,28;,
        4;35,34,33,32;,
        4;39,38,37,36;,
        4;43,42,41,40;,
        4;47,46,45,44;,
        4;51,50,49,48;,
        4;55,54,53,52;,
        4;59,58,57,56;,
        4;63,62,61,60;,
        3;66,65,64;,
        3;69,68,67;,
        3;72,71,70;,
        3;75,74,73;,
        3;78,77,76;,
        3;81,80,79;,
        3;84,83,82;,
        3;87,86,85;,
        3;90,89,88;,
        3;93,92,91;,
        3;96,95,94;,
        3;99,98,97;,
        3;102,101,100;,
        3;105,104,103;,
        3;108,107,106;,
        3;111,110,109;,
        4;115,114,113,112;,
        4;119,118,117,116;,
        4;123,122,121,120;,
        4;127,126,125,124;,
        4;131,130,129,128;,
        4;135,134,133,132;,
        4;139,138,137,136;,
        4;143,142,141,140;,
        4;147,146,145,144;,
        4;151,150,149,148;,
        4;155,154,153,152;,
        4;159,158,157,156;,
        4;163,162,161,160;,
        4;167,166,165,164;,
        4;171,170,169,168;,
        4;175,174,173,172;,
        3;178,177,176;,
        3;181,180,179;,
        3;184,183,182;,
        3;187,186,185;,
        3;190,189,188;,
        3;193,192,191;,
        3;196,195,194;,
        3;199,198,197;,
        3;202,201,200;,
        3;205,204,203;,
        3;208,207,206;,
        3;211,210,209;,
        3;214,213,212;,
        3;217,216,215;,
        3;220,219,218;,
        3;223,222,221;,
        4;227,226,225,224;,
        4;231,230,229,228;,
        4;235,234,233,232;,
        4;239,238,237,236;,
        4;243,242,241,240;,
        4;247,246,245,244;,
        3;250,249,248;,
        3;253,252,251;,
        3;256,255,254;,
        4;260,259,258,257;,
        4;264,263,262,261;,
        4;268,267,266,265;,
        4;272,271,270,269;,
        4;276,275,274,273;,
        4;280,279,278,277;,
        3;283,282,281;,
        3;286,285,284;,
        3;289,288,287;;
        MeshNormals { // Body normals
          130;
           0.213872;-0.901490;-0.376263;,
          -0.213872;-0.901490;-0.376263;,
          -0.673920;-0.709666;-0.205440;,
          -0.765745;-0.608725; 0.207578;,
          -0.474868;-0.679432; 0.559350;,
           0.474868;-0.679432; 0.559350;,
           0.765745;-0.608725; 0.207578;,
           0.673920;-0.709666;-0.205440;,
           0.454619; 0.476362;-0.752596;,
          -0.454619; 0.476362;-0.752596;,
          -0.872684; 0.442761;-0.205879;,
          -0.885358; 0.403726; 0.230536;,
          -0.475820; 0.686063; 0.550375;,
           0.475820; 0.686063; 0.550375;,
           0.885358; 0.403726; 0.230536;,
           0.872684; 0.442761;-0.205879;,
           0.112806;-0.976778;-0.182154;,
          -0.112806;-0.976778;-0.182154;,
          -0.197677;-0.976186;-0.089353;,
          -0.198236;-0.978948; 0.048622;,
          -0.082994;-0.989462; 0.118646;,
           0.082994;-0.989462; 0.118646;,
           0.198236;-0.978947; 0.048622;,
           0.197677;-0.976186;-0.089353;,
           0.100687; 0.983963;-0.147234;,
          -0.100687; 0.983963;-0.147234;,
          -0.146675; 0.982062;-0.118490;,
          -0.147643; 0.988544; 0.031353;,
          -0.077633; 0.991862; 0.100911;,
           0.077633; 0.991862; 0.100911;,
           0.147643; 0.988544; 0.031353;,
           0.146675; 0.982062;-0.118490;,
           0.474764;-0.697306;-0.536995;,
          -0.474764;-0.697306;-0.536995;,
          -0.819934;-0.549273;-0.161269;,
          -0.814214;-0.562150; 0.145062;,
          -0.478648;-0.633853; 0.607558;,
           0.478648;-0.633853; 0.607558;,
           0.814214;-0.562150; 0.145062;,
           0.819934;-0.549273;-0.161269;,
           0.533416; 0.310552;-0.786781;,
          -0.533416; 0.310552;-0.786781;,
          -0.933014; 0.326543;-0.151176;,
          -0.897357; 0.411499; 0.159431;,
          -0.454248; 0.601541; 0.657120;,
           0.454248; 0.601541; 0.657120;,
           0.897357; 0.411499; 0.159431;,
           0.933014; 0.326543;-0.151176;,
           0.253151;-0.961739;-0.104750;,
          -0.253151;-0.961739;-0.104750;,
          -0.351306;-0.935184;-0.044893;,
          -0.351492;-0.935678; 0.030973;,
          -0.321449;-0.945627; 0.049603;,
           0.321449;-0.945627; 0.049603;,
           0.351492;-0.935678; 0.030973;,
           0.351306;-0.935184;-0.044893;,
          -0.099696; 0.961124;-0.257492;,
           0.099696; 0.961124;-0.257492;,
          -0.277518; 0.956738;-0.087388;,
          -0.277692; 0.957338; 0.079947;,
          -0.231024; 0.966619; 0.110795;,
           0.231024; 0.966619; 0.110795;,
           0.277692; 0.957338; 0.079947;,
           0.277518; 0.956738;-0.087388;,
          -0.888730;-0.009247; 0.458296;,
          -0.972289;-0.168645; 0.161718;,
           0.601642;-0.669027; 0.436293;,
           0.936094;-0.327738;-0.127567;,
           0.936094;-0.327738;-0.127567;,
           0.601642;-0.669027; 0.436293;,
           0.094607; 0.769189;-0.631947;,
           0.305856; 0.696463;-0.649098;,
           0.305856; 0.696463;-0.649098;,
           0.094607; 0.769189;-0.631947;,
          -0.972289;-0.168645; 0.161718;,
          -0.888730;-0.009247; 0.458296;,
          -0.972289;-0.168645; 0.161718;,
          -0.880367;-0.400250;-0.254402;,
           0.602924;-0.547594; 0.580126;,
           0.601642;-0.669027; 0.436293;,
           0.601642;-0.669027; 0.436293;,
           0.602924;-0.547594; 0.580126;,
           0.292367; 0.683462;-0.668844;,
           0.094607; 0.769189;-0.631947;,
           0.094607; 0.769189;-0.631947;,
           0.292367; 0.683462;-0.668844;,
          -0.880367;-0.400250;-0.254402;,
          -0.972289;-0.168645; 0.161718;,
          -0.880367;-0.400250;-0.254402;,
           0.506211;-0.626484;-0.592639;,
           0.602924;-0.547594; 0.580126;,
           0.602924;-0.547594; 0.580126;,
           0.506211;-0.626484;-0.592639;,
           0.292367; 0.683462;-0.668844;,
           0.292367; 0.683462;-0.668844;,
           0.506211;-0.626484;-0.592639;,
          -0.880367;-0.400250;-0.254402;,
           0.888730;-0.009247; 0.458296;,
          -0.936094;-0.327738;-0.127567;,
          -0.601642;-0.669027; 0.436293;,
           0.972289;-0.168645; 0.161718;,
          -0.936094;-0.327738;-0.127567;,
          -0.305856; 0.696463;-0.649098;,
          -0.094607; 0.769189;-0.631947;,
          -0.601642;-0.669027; 0.436293;,
          -0.305856; 0.696463;-0.649098;,
           0.888730;-0.009247; 0.458296;,
           0.972289;-0.168645; 0.161718;,
          -0.094607; 0.769189;-0.631947;,
           0.972289;-0.168645; 0.161718;,
          -0.601642;-0.669027; 0.436293;,
          -0.602924;-0.547594; 0.580126;,
           0.880367;-0.400250;-0.254402;,
          -0.601642;-0.669027; 0.436293;,
          -0.094607; 0.769189;-0.631947;,
          -0.292367; 0.683462;-0.668844;,
          -0.602924;-0.547594; 0.580126;,
          -0.094607; 0.769189;-0.631947;,
           0.972289;-0.168645; 0.161718;,
           0.880367;-0.400250;-0.254402;,
          -0.292367; 0.683462;-0.668844;,
           0.880367;-0.400250;-0.254402;,
          -0.602924;-0.547594; 0.580126;,
          -0.506211;-0.626484;-0.592639;,
          -0.602924;-0.547594; 0.580126;,
          -0.292367; 0.683462;-0.668844;,
          -0.506211;-0.626484;-0.592639;,
          -0.292367; 0.683462;-0.668844;,
           0.880367;-0.400250;-0.254402;,
          -0.506211;-0.626484;-0.592639;;
          82;
          4;0,0,0,0;,
          4;1,1,1,1;,
          4;2,2,2,2;,
          4;3,3,3,3;,
          4;4,4,4,4;,
          4;5,5,5,5;,
          4;6,6,6,6;,
          4;7,7,7,7;,
          4;8,8,8,8;,
          4;9,9,9,9;,
          4;10,10,10,10;,
          4;11,11,11,11;,
          4;12,12,12,12;,
          4;13,13,13,13;,
          4;14,14,14,14;,
          4;15,15,15,15;,
          3;16,16,16;,
          3;17,17,17;,
          3;18,18,18;,
          3;19,19,19;,
          3;20,20,20;,
          3;21,21,21;,
          3;22,22,22;,
          3;23,23,23;,
          3;24,24,24;,
          3;25,25,25;,
          3;26,26,26;,
          3;27,27,27;,
          3;28,28,28;,
          3;29,29,29;,
          3;30,30,30;,
          3;31,31,31;,
          4;32,32,32,32;,
          4;33,33,33,33;,
          4;34,34,34,34;,
          4;35,35,35,35;,
          4;36,36,36,36;,
          4;37,37,37,37;,
          4;38,38,38,38;,
          4;39,39,39,39;,
          4;40,40,40,40;,
          4;41,41,41,41;,
          4;42,42,42,42;,
          4;43,43,43,43;,
          4;44,44,44,44;,
          4;45,45,45,45;,
          4;46,46,46,46;,
          4;47,47,47,47;,
          3;48,48,48;,
          3;49,49,49;,
          3;50,50,50;,
          3;51,51,51;,
          3;52,52,52;,
          3;53,53,53;,
          3;54,54,54;,
          3;55,55,55;,
          3;56,56,56;,
          3;57,57,57;,
          3;58,58,58;,
          3;59,59,59;,
          3;60,60,60;,
          3;61,61,61;,
          3;62,62,62;,
          3;63,63,63;,
          4;67,66,65,64;,
          4;71,70,69,68;,
          4;75,74,73,72;,
          4;79,78,77,76;,
          4;83,82,81,80;,
          4;87,86,85,84;,
          3;90,89,88;,
          3;93,92,91;,
          3;96,95,94;,
          4;100,99,98,97;,
          4;104,103,102,101;,
          4;108,107,106,105;,
          4;112,111,110,109;,
          4;116,115,114,113;,
          4;120,119,118,117;,
          3;123,122,121;,
          3;126,125,124;,
          3;129,128,127;;
        } // End of Body normals
        MeshTextureCoords { // Body UV coordinates
          290;
           0.805553; 0.355875;,
           0.500000; 0.269596;,
           0.500000; 0.045910;,
           0.932117; 0.150812;,
           0.500000; 0.269596;,
           0.194447; 0.355875;,
           0.067883; 0.150812;,
           0.500000; 0.045910;,
           0.194447; 0.355875;,
           0.067883; 0.483541;,
          -0.113366; 0.483541;,
           0.067883; 0.150812;,
           0.067883; 0.483541;,
           0.194447; 0.718815;,
           0.067883; 0.766002;,
          -0.113366; 0.483541;,
           0.194447; 0.718815;,
           0.500000; 0.816269;,
           0.500000; 0.954090;,
           0.067883; 0.766002;,
           0.500000; 0.816269;,
           0.805553; 0.718815;,
           0.932117; 0.766002;,
           0.500000; 0.954090;,
           0.805553; 0.718815;,
           0.932117; 0.483541;,
           1.113366; 0.483541;,
           0.932117; 0.766002;,
           0.932117; 0.483541;,
           0.805553; 0.355875;,
           0.932117; 0.150812;,
           1.113366; 0.483541;,
           0.932117; 0.150812;,
           0.500000; 0.045910;,
           0.500000; 0.075548;,
           0.887937; 0.196510;,
           0.500000; 0.045910;,
           0.067883; 0.150812;,
           0.112063; 0.196510;,
           0.500000; 0.075548;,
           0.067883; 0.150812;,
          -0.113366; 0.483541;,
           0.002906; 0.483541;,
           0.112063; 0.196510;,
          -0.113366; 0.483541;,
           0.067883; 0.766002;,
           0.091063; 0.672825;,
           0.002906; 0.483541;,
           0.067883; 0.766002;,
           0.500000; 0.954090;,
           0.500000; 0.816269;,
           0.091063; 0.672825;,
           0.500000; 0.954090;,
           0.932117; 0.766002;,
           0.908937; 0.672825;,
           0.500000; 0.816269;,
           0.932117; 0.766002;,
           1.113366; 0.483541;,
           0.997095; 0.483541;,
           0.908937; 0.672825;,
           1.113366; 0.483541;,
           0.932117; 0.150812;,
           0.887937; 0.196510;,
           0.997095; 0.483541;,
           0.500000; 0.269596;,
           0.805553; 0.355875;,
           0.500000; 0.483541;,
           0.194447; 0.355875;,
           0.500000; 0.269596;,
           0.500000; 0.483541;,
           0.067883; 0.483541;,
           0.194447; 0.355875;,
           0.500000; 0.483541;,
           0.194447; 0.718815;,
           0.067883; 0.483541;,
           0.500000; 0.483541;,
           0.500000; 0.816269;,
           0.194447; 0.718815;,
           0.500000; 0.483541;,
           0.805553; 0.718815;,
           0.500000; 0.816269;,
           0.500000; 0.483541;,
           0.932117; 0.483541;,
           0.805553; 0.718815;,
           0.500000; 0.483541;,
           0.805553; 0.355875;,
           0.932117; 0.483541;,
           0.500000; 0.483541;,
           0.887937; 0.196510;,
           0.500000; 0.075548;,
           0.500000; 0.483541;,
           0.500000; 0.075548;,
           0.112063; 0.196510;,
           0.500000; 0.483541;,
           0.112063; 0.196510;,
           0.002906; 0.483541;,
           0.500000; 0.483541;,
           0.002906; 0.483541;,
           0.091063; 0.672825;,
           0.500000; 0.483541;,
           0.091063; 0.672825;,
           0.500000; 0.816269;,
           0.500000; 0.483541;,
           0.500000; 0.816269;,
           0.908937; 0.672825;,
           0.500000; 0.483541;,
           0.908937; 0.672825;,
           0.997095; 0.483541;,
           0.500000; 0.483541;,
           0.997095; 0.483541;,
           0.887937; 0.196510;,
           0.500000; 0.483541;,
           1.223306; 0.211613;,
           0.500000; 0.083235;,
           0.500000;-0.098319;,
           1.477939; 0.083235;,
           0.500000; 0.083235;,
          -0.223306; 0.211613;,
          -0.477939; 0.083235;,
           0.500000;-0.098319;,
          -0.223306; 0.211613;,
          -0.522910; 0.521546;,
          -0.844745; 0.521546;,
          -0.477939; 0.083235;,
          -0.522910; 0.521546;,
          -0.223306; 0.831478;,
          -0.522910; 0.959857;,
          -0.844745; 0.521546;,
          -0.223306; 0.831478;,
           0.500000; 0.959857;,
           0.500000; 1.098320;,
          -0.522910; 0.959857;,
           0.500000; 0.959857;,
           1.223306; 0.831478;,
           1.522909; 0.959857;,
           0.500000; 1.098320;,
           1.223306; 0.831478;,
           1.522909; 0.521546;,
           1.844745; 0.521546;,
           1.522909; 0.959857;,
           1.522909; 0.521546;,
           1.223306; 0.211613;,
           1.477939; 0.083235;,
           1.844745; 0.521546;,
           1.477939; 0.083235;,
           0.500000;-0.098319;,
           0.500000;-0.039388;,
           1.340230; 0.086516;,
           0.500000;-0.098319;,
          -0.477939; 0.083235;,
          -0.340230; 0.086516;,
           0.500000;-0.039388;,
          -0.477939; 0.083235;,
          -0.844745; 0.521546;,
          -0.543738; 0.521546;,
          -0.340230; 0.086516;,
          -0.844745; 0.521546;,
          -0.522910; 0.959857;,
          -0.313411; 0.831478;,
          -0.543738; 0.521546;,
          -0.522910; 0.959857;,
           0.500000; 1.098320;,
           0.500000; 0.959857;,
          -0.313411; 0.831478;,
           0.500000; 1.098320;,
           1.522909; 0.959857;,
           1.313411; 0.831478;,
           0.500000; 0.959857;,
           1.522909; 0.959857;,
